286
854
589
511
826
396
783
434
290
658
235
650
488
816
490
971
169
722
189
953
112
458
586
823
51
435
991
55
491
312
671
272
921
562
230
466
396
376
825
728
302
81
794
755
198
373
113
229
66
137
769
628
805
158
675
944
837
401
465
345
570
65
947
846
117
707
500
104
69
351
181
918
642
562
477
27
238
453
292
933
792
243
795
331
222
143
72
707
465
162
761
387
652
600
774
146
617
441
284
607
198
226
772
31
499
343
791
602
671
104
378
867
246
906
466
469
596
593
188
786
729
10
725
674
954
949
905
600
604
63
386
821
458
499
398
668
450
416
477
896
358
508
905
26
648
733
623
796
10
553
682
947
73
64
235
888
137
427
408
349
791
964
102
949
430
847
708
221
286
527
541
509
571
798
381
479
439
929
729
225
373
867
810
453
925
98
332
682
989
293
711
935
687
167
325
260
878
70
769
240
340
111
918
607
392
950
725
45
741
189
939
205
972
60
738
113
579
37
320
637
292
863
160
732
32
14
158
380
921
403
297
561
749
113
390
770
235
247
539
176
924
740
25
18
4
719
381
303
947
143
805
101
898
489
49
464
97
25
391
849
507
207
395
831
594
721
786
319
605
932
765
545
941
512
878
351
347
988
657
882
732
954
48
308
491
260
355
553
79
59
897
899
362
824
461
211
852
667
990
737
755
967
443
101
967
960
518
670
836
696
163
940
9
876
98
542
731
586
197
528
628
890
71
159
298
506
182
172
403
437
1
350
774
955
128
182
407
601
962
855
646
132
643
700
165
245
620
448
487
116
605
43
215
153
265
509
363
386
908
558
757
950
275
318
507
765
960
889
56
755
621
585
297
333
578
260
164
261
103
987
845
415
547
632
464
678
695
824
345
756
395
792
349
698
765
643
677
94
592
899
125
150
819
942
78
185
508
252
43
605
903
152
740
594
985
139
389
401
572
658
948
524
917
816
214
637
210
552
322
297
746
861
385
241
272
744
376
784
187
36
837
734
253
674
866
273
708
581
448
323
601
489
755
499
141
910
966
419
504
510
441
152
680
773
991
651
563
50
60
591
486
697
913
443
245
352
321
718
447
861
776
105
776
657
765
878
901
612
676
631
240
324
298
565
694
535
413
606
85
90
51
477
156
480
925
210
321
857
194
454
573
548
421
870
315
138
673
474
164
557
639
379
113
371
649
916
82
946
481
642
176
446
565
711
516
892
819
464
976
331
31
274
944
148
107
14
706
539
69
345
229
902
805
682
154
570
942
838
340
374
782
882
451
143
341
651
765
817
901
719
587
434
724
15
359
73
170
691
521
779
978
652
608
12
119
795
433
56
364
276
992
605
591
540
325
606
761
269
324
224
767
160
411
549
603
851
398
678
46
258
58
838
468
146
323
984
963
451
316
935
173
969
253
335
389
753
53
913
433
373
160
242
249
317
250
773
576
974
814
478
660
139
296
781
683
518
66
533
374
711
59
411
259
925
762
5
844
964
386
239
902
412
654
879
720
987
104
175
532
991
163
811
203
854
339
408
205
523
645
593
66
274
370
60
542
623
649
47
926
359
920
949
288
892
905
606
369
192
363
65
784
97
320
90
530
437
392
873
682
490
204
488
724
840
325
371
334
442
960
701
778
264
519
462
565
791
317
207
160
117
66
712
156
60
239
54
505
902
599
528
870
742
363
573
346
99
778
910
886
313
566
13
163
763
134
785
359
887
88
571
502
654
698
486
281
869
547
828
226
879
890
39
464
767
526
566
686
952
369
461
698
245
558
820
379
318
133
956
514
562
868
738
806
364
435
824
941
556
936
777
529
930
743
58
392
549
88
437
441
62
496
731
73
13
488
941
325
117
172
664
52
438
423
853
643
223
844
901
692
684
426
152
295
386
96
911
837
991
646
539
461
667
59
927
629
153
565
234
884
116
892
918
658
634
328
903
330
855
625
889
109
59
735
683
416
92
833
0
749
201
621
179
249
264
523
961
43
184
980
821
47
268
266
534
708
937
993
746
174
146
394
788
639
633
395
705
828
13
73
629
83
578
844
985
995
566
771
80
738
465
653
46
898
522
191
0
788
607
171
583
771
716
558
129
553
42
732
966
363
854
760
189
799
156
666
33
471
920
276
409
980
940
494
206
813
825
507
758
869
12
278
605
324
505
584
480
287
730
147
880
24
588
210
227
541
104
925
982
622
81
637
534
43
489
870
925
160
107
994
850
185
23
339
103
368
384
338
878
744
182
683
835
463
13
291
263
493
888
693
477
5
551
227
417
813
696
500
583
431
277
340
859
695
560
51
532
776
974
777
299
484
377
722
226
664
699
799
373
428
66
207
683
217
328
52
974
536
416
916
467
321
48
618
363
995
106
819
255
524
377
568
66
144
257
804
204
6
88
405
72
200
793
650
233
732
846
127
455
706
43
262
447
154
16
285
412
552
38
175
958
608
270
471
395
88
199
405
463
583
428
703
558
159
253
774
175
632
816
404
167
900
970
243
586
818
775
425
890
488
244
555
354
263
857
818
171
347
611
102
809
828
70
328
710
973
454
36
633
316
869
787
990
152
156
355
620
758
241
214
599
90
58
886
2
608
401
456
313
321
736
817
91
40
17
44
967
21
493
602
192
910
374
672
159
845
146
122
573
634
700
458
644
412
350
325
530
921
701
76
320
842
962
514
887
830
79
704
376
149
581
289
937
997
620
899
969
362
241
716
714
629
627
569
480
574
696
399
727
895
947
151
110
269
864
502
161
386
284
989
640
49
56
11
981
498
24
717
837
244
16
263
589
569
789
480
469
147
703
485
744
945
802
543
825
374
346
192
490
611
17
889
422
478
364
626
272
372
147
674
8
39
444
547
233
315
42
428
819
414
593
152
774
40
608
159
97
644
25
405
221
361
866
601
594
256
984
752
604
254
985
916
709
593
509
312
355
68
432
678
208
762
305
382
22
86
714
632
63
327
857
247
80
723
667
840
706
53
735
964
937
81
341
85
367
252
491
296
175
471
161
732
676
602
208
404
900
399
588
274
184
199
976
741
193
456
870
173
276
997
920
647
691
375
809
334
66
750
370
683
858
587
908
473
368
129
597
738
689
261
784
541
950
226
67
961
702
895
204
965
392
232
274
782
251
531
968
231
584
698
73
454
616
228
141
363
900
589
574
707
561
406
439
569
51
227
638
712
819
9
114
547
60
937
781
759
42
907
521
711
787
629
100
483
480
582
661
316
557
837
56
284
48
249
737
249
149
761
295
308
852
173
781
708
396
265
73
88
720
266
183
927
56
238
689
110
391
593
284
491
515
59
15
546
385
216
699
248
483
102
291
715
147
717
473
446
44
628
46
759
24
520
0
296
864
414
187
107
207
414
344
34
657
994
359
127
454
280
127
593
482
527
454
575
898
930
14
408
113
894
291
837
726
408
152
559
408
443
518
990
663
445
243
205
19
543
4
311
573
565
4
970
938
598
532
11
209
490
247
748
337
694
713
128
509
911
738
302
90
556
868
854
92
337
519
769
0
865
714
982
678
655
592
147
15
366
181
259
619
933
134
196
382
454
276
646
809
815
961
545
691
975
677
377
710
91
776
984
775
948
66
146
323
642
475
760
796
28
436
628
618
784
203
342
661
707
732
664
464
590
757
309
345
615
349
374
216
501
320
517
366
343
85
673
46
180
39
625
193
383
148
670
935
191
339
379
594
234
481
912
94
648
358
900
635
124
291
974
491
241
227
538
152
276
584
7
851
483
493
733
353
408
751
49
873
506
971
867
92
389
711
308
48
228
121
16
9
907
965
798
529
477
384
674
663
877
208
387
481
560
681
474
843
835
99
216
145
633
207
331
518
59
283
613
665
994
745
108
611
921
230
267
961
899
228
442
554
685
753
989
18
151
145
57
378
372
870
798
828
235
869
385
492
416
113
732
365
412
812
829
759
301
439
480
775
80
903
260
663
45
28
94
431
938
70
479
447
916
268
848
359
335
948
505
410
492
837
869
635
736
75
950
983
952
661
241
296
313
308
970
393
232
272
565
570
169
560
386
883
13
1
207
176
477
154
919
605
852
604
583
515
520
598
292
174
25
564
242
853
55
728
151
389
664
181
409
122
868
199
520
390
737
657
287
589
681
117
894
662
512
241
950
394
777
537
617
49
999
752
861
375
604
865
986
111
834
946
605
815
173
247
200
312
304
151
802
566
316
981
520
281
10
208
893
26
692
615
743
257
917
560
572
233
348
0
991
483
928
191
50
5
510
211
27
962
239
520
436
418
75
128
305
284
200
398
167
451
431
451
30
886
520
80
955
133
125
701
834
812
984
214
501
73
420
825
767
572
944
650
106
62
458
581
580
536
910
325
136
178
823
825
612
170
326
383
53
153
602
891
498
289
486
578
342
347
738
274
383
817
12
370
391
366
715
186
48
433
26
67
725
148
578
767
95
470
204
651
7
44
484
163
664
719
961
611
867
351
273
588
313
943
274
372
358
547
203
453
83
200
780
265
499
686
343
84
408
104
425
22
554
410
741
859
596
804
868
773
284
219
502
365
631
219
606
930
483
109
218
111
825
767
283
323
949
246
388
707
969
548
77
635
929
539
756
210
676
79
202
923
746
230
310
96
294
520
974
194
901
96
296
386
146
565
216
108
177
39
622
576
852
629
772
959
818
192
354
642
442
170
687
754
336
214
183
881
80
356
363
801
382
666
981
705
723
7
945
835
351
120
364
306
721
646
568
41
123
347
994
65
289
176
361
969
115
545
633
379
179
445
746
607
530
125
959
851
801
261
889
411
427
468
86
979
700
255
594
321
321
429
297
604
866
658
320
513
230
30
425
337
908
26
292
422
683
695
67
326
562
779
991
299
909
800
915
749
24
283
409
55
268
312
882
819
951
216
981
760
594
650
459
919
952
938
616
839
849
365
626
365
465
107
457
9
662
851
76
632
961
10
85
806
865
550
290
535
595
917
720
952
228
494
67
360
633
734
534
328
466
434
208
263
500
184
100
814
747
669
484
160
653
95
159
88
558
409
425
99
390
672
396
101
709
383
790
885
23
964
681
177
555
397
806
383
103
845
407
231
297
809
777
132
142
289
803
528
914
506
541
605
518
52
862
449
376
844
429
556
167
388
156
912
70
1
450
510
800
47
757
902
926
139
506
398
731
848
791
743
420
398
664
265
535
997
715
932
246
115
726
889
468
882
688
849
260
127
17
82
743
244
106
698
456
148
885
703
694
982
573
184
48
707
407
249
640
677
215
148
878
846
586
26
602
718
426
804
945
662
723
719
508
212
118
444
40
217
296
871
575
553
569
133
114
191
145
859
149
728
110
174
544
878
133
201
145
914
200
168
631
215
312
724
128
328
446
355
408
783
933
740
825
413
137
315
492
202
997
335
617
776
259
257
669
786
807
386
713
992
357
858
285
134
319
561
786
277
634
169
239
996
750
312
251
618
290
418
325
871
792
280
34
921
430
770
519
766
46
392
765
664
835
955
748
353
163
279
1
800
927
139
859
612
598
256
831
34
606
905
244
345
273
277
413
244
810
244
851
376
763
5
972
843
329
450
829
762
346
43
955
901
737
990
239
473
599
281
832
334
108
662
218
701
40
826
634
869
644
699
773
235
739
708
374
684
204
316
868
561
409
56
344
686
241
178
464
525
836
338
752
927
38
367
571
61
782
597
383
85
395
503
931
472
933
540
933
333
884
521
882
695
779
579
625
872
743
930
702
996
213
430
775
748
2
339
283
13
470
242
715
214
790
18
717
888
640
368
494
687
873
829
943
575
259
911
640
552
700
311
371
101
624
361
799
51
83
115
49
947
355
532
950
101
932
271
811
560
22
555
194
619
418
150
900
515
326
772
846
553
831
339
402
696
186
768
821
140
379
937
722
206
244
402
444
349
873
322
567
321
341
217
912
354
688
802
524
672
218
147
542
482
487
852
534
720
242
222
158
502
737
878
593
784
481
902
16
130
602
363
271
819
325
680
342
973
676
633
813
217
209
319
94
437
942
299
893
729
949
818
185
158
58
729
957
933
2
934
796
930
24
430
442
732
371
481
54
281
444
672
766
866
130
722
853
120
863
905
973
430
685
940
616
132
25
194
687
552
531
926
108
618
393
3
13
416
842
864
498
169
405
891
40
859
327
484
572
549
594
795
188
53
963
163
586
894
281
326
525
317
942
569
622
575
878
594
203
713
71
104
724
198
593
495
254
192
674
80
992
768
717
491
966
44
142
995
101
79
173
882
24
878
425
228
113
725
785
24
670
816
290
910
76
342
981
786
136
636
573
788
387
552
896
2
70
348
115
811
172
122
845
730
848
761
755
579
738
538
355
359
544
158
537
31
179
183
227
776
873
724
389
856
600
335
261
863
280
203
156
993
19
9
819
935
217
805
969
203
195
625
785
930
575
436
475
235
128
412
783
470
411
881
43
378
435
610
383
218
838
262
444
786
511
576
432
421
624
719
713
585
983
2
994
610
270
225
280
23
49
651
608
407
549
738
640
683
941
27
759
382
220
488
553
965
547
798
940
658
597
5
277
399
262
321
699
641
842
304
709
814
574
68
262
261
792
678
795
192
875
281
715
1
961
7
45
459
53
114
624
181
145
802
439
146
262
605
497
106
730
84
624
909
259
260
828
696
633
468
479
221
949
933
212
155
977
786
744
361
325
844
47
977
740
520
205
70
683
524
953
264
922
882
848
441
699
455
478
305
102
591
213
221
744
810
91
241
757
901
537
779
519
953
487
507
842
798
72
189
189
184
116
710
690
926
171
265
477
31
306
55
428
585
319
0
722
589
188
654
237
91
298
266
600
601
632
96
3
811
359
707
310
481
416
833
372
678
875
261
217
568
885
217
188
106
527
155
313
841
81
417
24
622
699
22
919
15
978
613
40
220
762
989
844
267
155
779
444
459
106
441
173
184
103
312
293
737
759
681
899
799
20
568
92
402
156
959
893
700
886
241
495
543
678
74
723
339
690
449
499
44
271
796
875
367
512
640
219
73
853
65
573
896
612
374
806
86
832
341
160
615
212
425
662
422
14
269
19
74
44
281
686
822
159
616
831
812
970
193
148
23
4
381
950
463
700
141
749
19
662
441
33
941
645
674
968
291
530
698
119
433
218
985
167
597
969
328
217
587
61
1
979
517
600
492
204
118
85
589
274
186
216
907
824
976
177
803
470
780
645
880
720
291
421
10
694
46
934
679
934
801
346
87
482
954
417
671
676
41
310
516
852
120
163
826
698
112
888
166
196
452
615
942
305
150
960
26
821
809
942
840
257
545
445
52
860
100
662
177
903
743
259
823
28
280
8
476
554
850
559
332
763
194
923
293
737
660
939
636
326
547
640
190
650
981
928
161
805
866
755
706
214
564
780
462
83
304
42
935
129
194
323
92
85
254
408
292
513
683
478
205
284
236
544
494
329
430
604
469
679
893
377
850
924
165
581
245
135
490
359
525
853
451
69
723
524
918
915
840
442
998
195
485
735
856
64
19
557
279
155
568
297
227
932
367
876
188
806
762
874
236
548
918
592
32
601
100
194
996
779
64
342
625
120
291
75
880
520
326
896
542
534
970
782
661
503
621
283
459
965
300
237
707
776
355
761
775
560
851
132
250
632
441
173
446
382
368
665
593
39
896
563
412
206
645
789
538
493
565
479
784
434
568
324
164
974
390
895
972
355
453
183
432
217
753
449
841
164
567
725
619
889
496
842
750
500
94
747
657
430
890
635
49
508
202
686
949
861
236
578
890
68
496
248
958
263
89
106
484
586
154
129
436
206
15
492
577
61
159
854
721
292
857
793
789
259
999
60
414
478
891
776
286
143
271
447
642
986
86
242
499
574
838
722
464
761
399
545
684
752
884
574
289
89
911
54
62
933
978
431
600
376
120
904
98
83
650
303
376
949
827
717
868
325
696
470
774
609
926
902
434
139
500
980
706
871
766
269
326
494
353
666
530
32
103
665
941
678
484
175
718
984
280
582
689
36
936
781
967
730
792
605
737
494
865
255
518
481
673
495
716
725
646
248
81
893
265
56
997
168
766
145
949
884
841
561
350
738
117
969
83
367
561
40
22
674
784
332
709
728
299
876
5
73
404
417
270
665
825
749
39
847
906
359
2
994
175
233
598
337
234
954
664
897
319
237
354
738
39
694
594
716
763
803
603
790
124
807
788
322
796
119
623
741
261
172
245
779
347
452
581
269
477
795
739
738
531
494
834
255
159
966
244
268
218
539
193
831
933
667
358
727
263
873
273
844
969
726
920
884
89
894
284
183
423
609
315
403
962
187
704
66
643
712
863
609
757
331
450
974
683
582
509
902
20
282
165
440
847
394
435
709
690
110
659
124
666
473
10
742
645
889
538
602
297
692
670
680
781
521
788
305
814
757
611
103
168
156
943
818
492
159
713
976
909
848
690
677
372
731
899
571
818
800
383
118
60
472
241
966
399
709
853
965
80
732
831
212
396
204
239
97
379
280
557
465
756
409
50
282
12
19
13
876
593
101
602
783
737
46
907
650
317
418
245
13
767
41
792
325
384
384
599
194
466
917
10
682
394
446
136
999
914
153
829
507
650
429
683
12
268
496
317
6
86
899
464
154
314
821
296
830
303
73
678
389
955
68
286
495
421
135
126
90
183
425
711
201
964
82
437
757
914
20
125
553
375
73
343
749
490
417
748
396
285
667
814
882
362
136
332
779
365
89
444
990
98
718
925
477
758
908
315
938
918
678
96
203
277
190
969
192
626
410
2
633
504
355
747
60
333
280
272
575
687
719
76
740
332
437
412
216
18
671
336
631
549
230
803
919
418
601
512
715
258
552
889
458
950
268
188
581
153
919
943
43
613
363
626
826
90
756
109
682
142
643
500
547
422
209
99
728
46
659
510
446
616
616
103
475
834
620
629
828
559
982
481
741
941
730
918
872
479
89
494
234
615
666
931
54
329
378
253
226
388
124
430
288
508
281
943
337
282
12
132
474
882
994
416
165
37
545
16
767
11
68
867
211
396
389
25
710
928
343
588
724
21
514
184
96
412
723
430
199
778
941
435
392
758
661
756
449
224
109
870
111
546
742
632
733
957
336
892
102
749
495
4
943
464
701
866
388
596
452
918
973
914
376
335
372
279
828
429
468
894
716
279
406
434
191
125
368
566
860
43
797
254
8
615
911
871
904
389
945
734
937
456
148
733
647
61
842
322
744
994
65
93
964
771
981
39
44
693
83
282
980
635
32
187
464
1
553
475
633
234
94
836
57
848
706
311
936
697
897
399
938
465
510
204
301
986
778
421
184
196
231
353
651
468
482
759
955
969
50
884
664
145
10
437
122
342
748
501
204
593
748
193
29
57
170
838
719
190
673
560
28
942
562
900
737
891
546
405
443
579
657
551
292
962
445
621
542
243
619
444
66
713
843
813
981
202
117
369
660
325
480
234
17
841
648
228
289
362
693
197
478
649
217
476
649
116
193
851
467
717
682
355
305
721
368
134
509
569
165
616
499
185
436
516
53
353
730
534
644
324
342
212
443
2
372
414
34
219
717
15
867
604
901
203
704
596
620
786
689
152
937
375
122
773
810
483
587
833
316
413
714
942
293
666
445
871
575
940
141
428
972
433
495
26
121
36
943
794
846
701
755
818
56
556
197
913
942
913
760
197
308
646
738
127
901
751
63
4
681
400
701
662
898
273
892
472
831
734
908
625
659
561
688
419
299
145
111
783
964
448
808
366
50
778
579
21
915
791
299
918
942
332
964
376
139
500
292
95
621
235
865
322
65
859
693
601
285
460
632
596
852
755
66
61
35
457
777
448
337
100
349
825
215
359
426
535
666
721
480
78
825
664
922
902
442
391
103
396
532
753
230
881
569
369
775
66
488
134
593
481
122
610
905
797
887
534
404
900
704
444
948
469
515
741
367
581
983
485
89
632
612
216
969
967
3
554
163
228
298
882
120
220
290
632
19
477
803
931
20
35
169
683
295
954
492
35
693
346
882
1
25
786
613
753
649
768
845
621
717
96
274
359
422
890
980
674
197
257
746
275
678
475
365
638
891
914
268
289
29
13
327
596
438
856
435
197
155
450
234
33
409
408
181
32
158
73
369
783
322
724
388
601
120
516
195
301
259
948
771
828
333
149
225
874
330
903
473
191
576
98
509
800
729
424
623
906
309
719
211
992
489
552
769
264
565
667
12
511
784
13
443
749
478
244
516
273
367
480
522
848
589
486
663
745
523
680
400
415
473
677
62
49
247
526
528
296
434
23
213
487
580
515
696
214
163
236
890
583
461
51
758
564
519
263
733
707
804
91
680
638
217
64
540
203
4
430
965
73
512
682
823
960
610
67
958
849
461
504
255
354
118
165
29
61
304
675
383
637
827
989
167
519
706
205
953
549
407
98
355
777
774
639
999
142
342
544
198
142
477
912
250
747
413
305
353
642
120
76
712
436
578
552
831
154
83
549
23
386
382
591
73
921
130
462
10
842
917
792
813
277
257
718
861
578
305
622
434
912
284
920
775
350
290
136
369
569
255
145
92
505
382
549
446
513
310
773
127
89
873
3
400
111
257
500
280
291
195
665
8
119
932
385
668
59
865
243
364
505
978
531
761
632
563
11
103
950
989
798
732
572
269
580
630
785
239
904
210
890
784
967
739
14
637
243
207
601
662
770
18
628
289
315
990
445
31
798
416
424
786
514
355
549
416
711
197
608
617
757
245
221
939
523
493
618
442
41
492
568
822
870
709
842
82
678
159
346
142
343
679
760
901
510
968
410
527
363
597
8
102
117
348
894
139
200
180
256
953
789
853
720
437
10
239
874
961
578
258
764
947
594
135
489
662
730
729
423
153
601
517
813
593
111
42
713
401
148
186
458
75
935
478
857
830
634
876
21
770
672
343
919
689
27
734
501
105
589
286
483
656
332
848
309
926
49
332
497
441
173
654
607
65
653
103
50
584
756
818
588
474
286
50
744
322
396
875
792
231
441
223
633
618
986
118
995
867
309
154
744
493
40
642
218
65
458
22
192
8
537
763
190
513
600
215
875
378
13
219
986
649
230
209
950
695
580
18
970
59
407
747
940
982
896
61
481
906
935
614
531
236
341
819
284
90
213
311
794
828
532
438
310
680
76
83
973
13
818
744
294
827
913
410
502
860
533
520
595
293
731
627
143
515
307
269
391
537
721
43
542
312
509
180
265
14
788
124
962
274
365
264
655
435
927
11
191
2
361
908
734
471
416
702
453
134
135
593
519
675
398
349
156
674
371
373
930
687
819
892
50
4
347
534
636
389
389
442
71
444
201
692
128
648
903
9
42
2
440
344
211
538
846
368
923
626
137
351
797
636
881
398
487
568
786
185
734
128
169
998
901
278
154
878
981
745
478
599
954
65
892
571
316
47
970
258
715
455
576
414
137
988
675
725
739
877
643
589
373
336
153
187
316
240
625
524
359
357
765
775
492
623
356
552
839
696
519
176
892
351
410
301
474
564
609
448
809
33
336
525
815
253
231
415
949
755
667
54
625
233
540
300
144
910
317
103
358
294
298
758
944
71
654
647
892
701
770
281
724
297
353
444
555
846
33
826
262
442
872
572
636
184
394
196
186
581
863
571
181
375
993
39
107
946
233
450
249
651
738
432
782
532
708
163
531
792
191
228
115
963
261
596
879
141
602
433
808
498
41
146
276
773
109
734
237
847
993
775
335
696
612
564
965
377
569
186
247
462
598
783
546
88
560
955
71
470
307
751
828
725
192
808
831
724
138
360
172
823
296
801
372
738
362
139
976
921
19
412
49
265
114
127
330
237
492
968
295
201
324
411
543
984
308
265
254
695
46
623
584
958
716
845
352
969
572
647
465
39
599
110
103
91
814
661
953
606
466
738
75
864
330
672
582
208
325
840
259
666
199
734
448
622
80
80
498
696
617
258
637
765
590
912
45
18
159
932
403
238
153
899
541
782
242
395
628
42
156
980
335
666
493
156
788
164
256
469
151
513
935
534
963
986
777
107
589
200
724
583
756
162
481
787
600
4
16
10
488
520
311
541
285
473
348
901
868
172
833
147
833
843
113
10
582
631
317
926
156
150
471
61
132
643
46
625
167
146
81
34
569
933
43
408
899
769
304
708
933
560
201
96
190
129
564
178
469
74
651
104
271
539
951
258
290
455
290
338
974
256
955
641
230
245
503
679
672
275
314
366
292
733
40
814
648
649
302
587
689
211
510
870
894
750
616
74
49
721
854
743
131
746
711
16
469
39
993
342
835
460
791
20
904
341
266
463
74
850
511
432
483
255
896
138
741
464
884
950
982
211
972
676
206
932
681
568
571
652
672
243
424
796
369
967
746
659
662
155
923
348
322
465
855
413
331
508
436
891
411
230
205
190
37
132
340
623
161
256
281
238
561
689
142
727
295
66
643
724
879
466
649
109
313
2
873
273
567
694
100
645
388
82
752
356
51
374
310
371
12
631
303
101
733
83
986
503
515
787
1
7
537
816
614
885
708
395
863
733
584
632
417
883
802
476
971
568
791
906
283
147
755
842
304
493
719
437
930
505
509
848
441
897
398
880
896
445
372
417
859
606
901
363
725
156
391
255
908
157
309
14
204
522
973
965
640
207
664
198
6
134
602
691
707
386
270
493
50
120
209
82
420
257
545
199
501
937
238
277
329
507
42
174
181
394
848
714
428
950
770
403
743
937
657
626
678
509
97
484
903
334
208
335
383
250
86
58
470
318
393
609
39
382
507
613
781
465
419
471
946
81
596
354
126
369
105
549
629
127
493
176
10
377
979
307
170
301
67
3
99
253
250
607
52
246
522
588
300
204
432
908
970
948
907
748
200
655
15
786
996
277
442
710
475
797
806
865
141
616
888
115
416
84
293
281
762
541
16
115
758
849
474
460
679
91
418
100
556
620
545
570
228
712
699
588
653
805
97
81
465
916
996
635
666
488
275
808
924
480
316
695
23
568
470
993
624
504
31
245
929
432
302
842
871
226
497
67
748
850
576
882
181
163
204
65
94
706
21
824
110
18
527
332
459
505
600
723
786
729
465
115
255
789
221
626
251
218
234
832
835
477
652
838
211
672
831
16
410
154
13
755
991
159
22
390
567
624
245
218
316
779
365
115
639
17
247
327
129
981
973
911
554
986
210
849
409
517
942
617
107
164
694
555
721
648
232
393
845
931
604
699
57
88
171
655
651
84
358
255
203
493
300
442
371
698
913
544
32
473
643
687
566
183
646
993
525
702
590
679
516
816
306
268
898
412
326
372
5
514
142
14
658
406
256
457
355
987
188
784
22
752
906
952
590
782
371
513
978
928
996
343
19
175
593
857
128
319
1
307
56
987
910
606
183
134
101
106
138
653
957
461
547
323
334
566
534
254
704
423
36
957
45
877
417
786
772
586
529
420
929
853
30
103
925
782
366
747
867
844
122
10
158
896
402
664
4
714
28
150
955
318
331
552
936
379
700
749
293
503
27
539
593
864
540
464
108
111
132
432
863
552
420
438
917
207
684
397
512
216
543
114
132
323
104
289
666
231
30
741
279
2
613
724
721
58
272
897
229
12
911
628
623
147
988
153
92
976
455
455
822
276
492
722
513
41
721
131
62
896
959
745
864
524
58
541
497
797
347
485
375
30
832
896
755
394
890
970
563
100
107
857
995
586
460
832
577
228
923
291
178
551
88
731
515
628
121
352
868
639
433
676
62
251
411
777
644
7
657
352
449
770
74
527
673
252
634
142
284
166
770
145
688
317
32
804
367
291
164
285
647
770
9
808
125
229
864
215
553
338
484
186
855
281
490
324
708
224
547
264
914
173
156
184
59
193
180
671
780
508
501
185
555
634
226
3
375
726
352
445
485
310
470
85
730
91
383
625
299
777
971
423
121
742
218
285
943
337
152
965
953
715
830
49
678
346
913
535
520
174
822
133
112
705
283
670
828
201
752
467
340
69
312
339
165
261
274
393
622
35
671
310
777
720
848
276
527
373
252
6
167
417
539
688
369
510
937
124
323
993
111
712
98
945
901
401
0
376
346
498
883
75
62
728
605
616
678
249
55
205
60
175
431
709
477
893
490
940
353
892
231
679
381
928
94
336
807
822
661
944
930
903
22
409
121
290
356
308
601
542
689
51
472
254
468
188
410
799
787
123
984
101
770
7
856
145
785
820
747
115
909
988
811
30
714
779
683
503
184
707
499
93
961
221
760
268
516
117
688
959
109
380
405
847
648
667
894
236
148
618
813
522
837
108
41
483
662
648
36
679
725
111
459
784
317
966
947
643
96
551
456
987
310
244
315
200
323
380
467
792
826
778
237
7
572
627
697
757
457
961
321
684
822
356
619
89
893
680
325
300
564
72
905
635
869
891
467
521
156
102
131
801
965
521
113
251
432
350
340
382
359
65
760
307
337
400
444
831
777
999
398
108
276
41
149
687
14
48
868
900
731
466
600
630
496
535
135
588
28
386
291
413
864
669
960
927
629
974
647
414
266
219
505
888
475
393
535
446
308
764
87
399
246
423
516
791
242
208
993
537
676
800
11
298
9
644
182
302
54
880
876
831
234
441
497
628
416
758
107
197
126
267
610
140
648
850
694
168
364
865
940
354
793
353
425
880
280
341
719
463
751
373
47
134
138
946
381
344
740
327
312
578
669
266
75
300
483
308
795
124
628
249
840
663
982
44
908
408
71
351
763
813
166
470
916
774
947
293
524
772
222
681
498
917
36
566
18
885
228
27
803
170
936
615
580
587
793
608
652
740
331
8
67
956
614
942
867
88
83
323
746
94
998
87
741
113
364
964
502
746
844
242
841
583
737
760
511
739
771
218
412
56
487
41
481
548
159
951
353
653
769
454
165
263
190
811
612
716
387
344
340
292
413
838
745
218
918
971
937
319
817
256
330
570
30
944
967
631
483
76
352
979
568
930
686
191
170
815
134
295
960
114
75
914
839
597
271
727
372
704
904
352
275
610
818
296
29
724
814
201
916
684
295
348
372
616
429
699
745
543
251
122
392
203
803
546
974
628
285
131
250
88
953
624
449
38
314
490
611
453
804
357
730
703
654
557
257
45
875
814
794
668
152
325
417
137
138
826
827
744
15
490
315
939
852
797
279
990
242
925
941
416
414
988
31
530
637
968
111
433
347
766
97
741
870
748
732
939
265
986
133
556
575
540
489
314
280
651
182
604
353
974
416
102
145
516
304
727
822
214
488
194
473
824
50
315
204
59
801
771
881
936
100
219
946
951
854
92
508
968
810
506
851
383
336
144
727
6
429
255
626
393
344
773
855
519
55
643
684
5
72
723
651
875
600
179
27
926
168
531
844
325
359
979
487
807
145
710
220
827
919
361
561
129
323
438
693
828
31
547
743
90
946
858
378
697
776
961
925
696
814
57
958
638
799
451
986
650
184
624
260
746
239
156
347
546
685
906
844
23
579
83
998
425
720
965
978
731
504
41
714
429
959
484
369
514
960
116
730
87
15
165
137
206
72
949
6
888
967
210
324
610
435
326
259
329
666
312
649
678
285
824
307
738
490
58
642
784
243
443
431
164
153
496
899
95
811
287
509
573
821
441
871
87
131
984
101
599
449
938
362
243
797
837
765
609
915
510
960
34
3
972
427
611
489
401
299
748
828
923
420
160
857
544
339
335
21
862
457
353
522
90
312
241
99
905
866
826
449
768
18
313
579
62
861
830
917
789
830
996
947
107
928
868
956
688
162
424
861
886
135
45
661
945
923
160
520
595
573
631
218
407
807
296
48
543
711
570
255
789
985
622
502
775
589
574
533
640
158
944
499
107
928
147
877
545
208
103
537
219
733
283
821
354
973
726
337
10
374
847
692
192
773
554
237
672
221
292
834
192
362
709
175
208
959
197
165
991
357
317
180
427
853
234
282
502
196
831
611
526
263
803
657
638
520
750
524
574
775
792
359
856
118
926
870
158
554
172
72
150
572
271
61
859
593
70
284
101
217
518
49
553
541
393
647
234
119
447
269
845
240
623
13
535
266
515
914
224
484
999
770
920
196
649
502
717
442
625
667
21
436
484
363
244
581
293
914
710
366
592
684
593
485
211
350
16
509
789
344
968
949
746
590
556
787
45
385
883
342
194
401
436
388
621
548
225
346
21
971
988
606
345
255
598
200
403
53
601
101
636
140
708
258
649
904
207
385
959
4
205
980
995
536
785
488
2
978
377
129
991
606
658
993
66
663
496
224
384
327
67
636
379
963
63
608
914
578
166
153
421
332
391
626
276
171
86
967
605
886
559
261
171
873
196
710
106
475
111
562
644
181
377
367
594
169
117
842
281
847
244
553
387
279
342
414
222
837
565
996
646
519
649
211
971
205
617
510
430
945
480
690
525
174
842
254
498
663
440
107
315
160
822
938
55
481
269
148
326
128
350
437
120
87
879
737
869
442
361
310
26
658
180
195
451
950
342
699
723
423
197
766
379
828
653
652
381
99
454
872
240
259
130
228
933
739
573
554
988
223
398
321
547
319
972
784
732
915
920
372
899
437
311
484
981
776
412
25
822
391
411
203
295
239
10
426
426
907
832
122
183
64
923
712
319
284
410
856
695
211
718
735
70
376
69
411
410
5
106
612
489
268
830
475
38
119
106
9
452
405
808
519
762
659
957
281
743
276
859
554
940
723
413
200
759
17
209
995
546
677
363
728
694
719
102
911
962
233
87
219
596
56
214
735
418
40
250
377
444
519
917
240
864
762
638
0
305
158
261
250
877
641
294
340
244
482
950
927
426
512
90
810
52
444
889
22
482
108
771
169
861
985
840
968
168
750
285
614
976
357
344
190
101
101
295
146
135
204
420
930
895
228
690
159
40
420
206
197
608
865
983
856
319
927
195
730
496
275
339
152
896
318
904
724
632
385
87
432
522
303
799
635
304
999
251
817
173
39
742
173
782
561
536
447
179
807
35
811
889
505
512
441
609
409
828
366
235
494
780
372
178
177
457
751
748
663
920
651
986
331
590
810
403
933
139
725
97
880
348
449
183
85
419
465
332
338
96
892
376
336
174
816
182
418
668
14
592
495
488
835
731
540
25
693
300
146
832
20
530
272
619
805
504
918
915
761
13
549
20
357
233
881
113
147
978
516
249
38
554
256
376
600
711
242
494
471
957
403
330
664
81
533
563
479
455
985
751
979
19
440
747
876
622
396
558
706
715
38
524
426
470
537
285
566
747
120
396
668
116
456
313
900
682
8
117
895
530
52
366
457
578
159
295
948
477
162
338
690
967
372
31
785
123
961
86
4
478
500
103
171
957
387
763
438
243
86
70
650
471
421
105
528
833
394
405
655
355
908
996
479
789
234
17
252
596
240
138
228
498
231
628
712
866
106
644
652
325
197
664
952
304
337
263
83
778
738
302
422
371
635
145
164
622
301
749
579
379
952
856
936
620
964
713
176
783
209
189
911
130
119
268
129
643
19
512
907
500
46
334
355
931
796
844
39
115
762
109
311
393
854
633
514
912
786
387
102
278
228
346
806
513
301
452
209
806
279
296
79
412
394
395
950
263
931
708
152
518
131
353
783
677
357
505
321
880
891
729
213
271
221
856
940
315
301
782
663
792
259
224
515
988
85
495
490
915
570
781
564
769
295
884
103
91
243
164
496
245
667
434
769
393
908
114
51
989
67
82
47
590
469
588
512
519
730
287
952
376
429
653
571
684
994
897
62
585
396
895
615
75
164
256
12
904
520
448
156
144
889
871
616
277
448
21
619
671
483
510
664
764
47
472
250
819
123
714
538
7
389
466
763
908
365
718
851
489
226
849
331
865
802
787
169
777
342
960
483
262
579
109
554
108
329
234
552
109
304
21
782
413
906
541
969
3
763
343
992
88
557
442
545
88
901
974
37
112
231
952
324
930
31
438
957
851
739
155
624
453
277
693
398
288
644
16
665
972
334
256
773
818
866
547
853
958
405
550
610
592
623
734
486
358
728
461
125
402
582
260
122
543
739
746
809
115
90
3
561
741
378
811
484
192
11
212
63
449
823
86
568
732
704
44
460
257
845
48
88
870
862
591
527
767
388
963
524
214
737
670
87
508
864
91
444
45
648
56
663
234
850
360
805
775
627
21
374
149
813
916
494
62
797
457
662
150
237
994
784
974
290
980
430
636
428
148
110
112
34
137
410
288
321
317
156
399
331
560
91
185
418
102
215
126
165
649
181
50
148
69
447
872
626
59
74
920
202
188
988
444
292
885
171
410
875
827
403
357
870
728
438
765
440
354
33
480
401
187
685
730
242
326
249
938
160
137
185
402
150
904
167
540
828
443
9
824
436
399
900
143
34
263
962
578
970
869
885
640
116
741
542
170
551
566
355
786
568
758
97
182
589
211
577
998
315
452
402
649
863
411
623
970
28
172
336
261
623
556
548
637
410
154
907
749
374
350
105
767
946
278
817
387
361
889
362
890
247
653
67
703
851
719
237
724
629
520
5
358
785
240
247
799
709
157
407
988
811
161
777
711
68
467
857
439
562
684
999
660
601
397
69
283
55
241
73
971
290
432
492
920
88
204
559
573
137
169
249
395
639
917
867
894
454
51
63
353
127
892
117
5
536
837
312
596
523
829
15
40
400
463
397
987
383
639
441
521
255
526
666
311
172
183
453
145
568
311
865
108
324
574
535
137
108
109
370
921
493
444
977
657
986
477
458
949
777
124
377
83
510
366
79
89
752
915
641
783
29
824
909
350
59
579
357
25
56
531
478
133
666
320
306
795
541
326
782
402
879
597
217
115
910
852
548
230
863
616
718
408
335
613
705
71
468
810
418
624
200
849
87
994
268
761
58
760
383
155
388
401
999
468
585
549
176
488
78
257
727
85
226
366
193
147
222
727
705
7
351
696
167
354
342
823
225
492
653
802
651
928
522
986
949
35
935
294
175
130
948
425
172
250
132
672
37
939
201
830
571
888
273
506
307
501
699
413
342
768
987
112
919
340
855
87
323
848
649
714
959
745
921
170
344
641
185
572
398
486
314
202
520
261
712
931
209
588
53
392
560
258
283
259
872
602
718
799
620
160
226
249
29
993
403
687
103
386
300
728
708
842
574
392
211
219
11
244
357
539
743
29
356
473
549
52
393
901
835
514
664
602
482
957
300
765
749
664
893
702
386
683
935
615
553
696
420
620
41
810
187
213
372
970
964
650
124
68
448
792
838
64
33
28
883
113
171
276
729
439
231
977
969
499
409
589
194
380
427
510
106
273
617
321
487
299
439
543
700
534
670
415
201
763
72
506
657
282
943
283
617
952
436
925
559
407
828
803
464
716
4
25
410
789
180
671
756
192
922
67
544
685
418
189
172
992
816
484
124
588
862
662
169
654
109
101
985
233
388
896
409
165
66
678
327
68
445
281
87
424
840
769
63
589
252
182
156
843
626
345
786
254
475
267
423
423
963
154
133
943
894
64
830
954
288
27
343
684
346
455
959
349
930
274
400
460
352
590
371
291
168
981
543
427
393
611
371
990
530
919
207
380
332
599
72
471
871
968
885
738
120
634
898
855
948
379
657
177
309
55
17
687
784
929
987
767
83
959
12
994
862
128
875
269
890
708
30
617
920
224
541
700
841
848
574
68
886
336
212
182
716
238
903
496
10
408
933
978
409
568
648
777
109
126
842
370
938
411
606
922
765
185
288
785
616
374
366
612
723
863
372
134
188
864
69
18
878
296
735
365
450
652
922
759
843
145
124
362
728
797
299
37
46
657
861
354
269
310
524
388
866
966
393
135
222
95
9
11
214
26
15
675
96
121
21
580
374
795
372
991
66
633
75
588
962
628
947
408
593
998
564
975
429
856
912
273
667
615
48
866
272
54
761
608
59
754
823
978
271
679
708
492
243
201
783
64
872
344
142
589
180
728
762
335
300
821
488
697
450
706
864
4
103
474
358
746
779
700
924
776
626
253
838
630
741
583
433
984
18
94
70
845
35
793
599
831
816
596
112
605
854
465
546
162
12
828
637
946
258
138
898
630
641
820
224
271
286
386
462
793
467
918
943
974
100
866
607
139
835
391
326
29
957
81
172
736
445
437
855
40
989
549
514
596
318
774
920
693
549
941
873
24
343
228
962
946
510
64
831
369
878
831
735
120
991
974
756
967
22
809
43
670
265
939
739
56
403
777
6
324
297
351
250
821
410
695
257
335
235
492
226
776
746
707
422
950
949
230
324
65
265
771
691
780
322
664
9
874
833
279
845
647
76
726
964
941
780
40
534
473
814
801
928
755
384
952
890
469
900
488
226
284
0
419
614
337
597
20
61
283
71
285
711
284
732
357
446
654
302
36
284
137
472
729
186
625
109
952
373
571
560
58
901
535
1
520
552
791
634
247
687
895
817
657
720
740
422
963
588
860
81
337
46
692
436
861
157
530
889
142
283
582
559
49
295
891
588
60
587
822
443
261
758
922
671
671
110
516
912
924
455
908
633
730
783
350
74
52
935
950
373
611
46
257
977
832
217
293
371
986
636
307
795
609
811
333
646
390
487
932
20
137
742
603
444
603
984
386
497
949
666
458
943
954
455
662
732
62
710
362
60
406
929
157
969
242
862
812
770
575
903
883
46
71
680
43
971
30
225
58
638
269
108
41
54
117
87
809
17
633
81
174
738
127
585
825
150
884
522
300
31
51
509
719
913
917
635
567
986
487
366
586
485
843
844
667
381
893
591
98
833
180
137
13
16
741
353
280
686
677
113
715
843
32
548
489
660
685
710
177
105
890
598
643
191
749
897
270
62
954
814
935
4
438
957
641
538
900
116
546
917
472
115
660
178
348
366
311
539
726
917
60
419
800
932
233
85
831
166
747
618
46
977
56
545
775
110
646
182
267
656
382
968
63
905
153
209
93
998
188
382
349
191
335
395
141
51
910
981
560
522
246
564
321
989
695
243
676
910
962
485
16
742
85
777
517
929
817
259
383
546
8
854
70
792
239
157
587
729
495
677
129
56
303
560
448
912
740
164
536
947
61
942
966
995
741
976
164
251
902
426
92
975
626
585
722
414
321
248
468
626
360
995
671
930
188
369
351
133
879
643
568
472
263
209
350
733
202
660
606
643
783
970
45
124
542
525
745
171
268
367
328
7
600
508
568
431
9
506
230
869
476
346
709
490
542
951
789
290
227
130
281
950
839
720
741
39
953
563
131
462
726
805
238
192
875
799
135
144
717
124
814
875
879
811
239
319
886
111
227
365
787
714
333
528
883
327
193
654
674
547
354
717
738
439
338
951
345
500
284
466
771
393
711
860
933
689
799
257
224
766
536
939
297
172
686
13
381
780
46
900
359
945
490
230
547
544
116
760
136
407
846
351
77
812
411
541
309
822
967
107
533
647
341
772
181
980
333
859
606
224
183
623
746
663
438
380
782
267
164
796
677
388
494
707
805
160
132
840
340
948
175
524
790
405
724
795
164
860
529
817
733
1
536
663
541
172
905
243
14
378
681
70
198
281
101
568
871
398
180
738
499
723
566
550
109
957
879
443
715
845
670
634
654
595
868
934
193
904
925
339
701
882
661
19
402
280
187
854
426
213
737
652
457
51
948
711
292
197
226
525
881
889
389
891
799
124
600
183
956
940
663
892
372
254
159
758
255
446
471
470
926
702
959
712
240
220
364
466
4
236
765
301
302
820
94
180
944
525
57
961
162
146
199
424
496
198
236
692
45
780
364
656
923
159
333
226
802
630
909
322
762
309
116
359
755
405
485
99
720
313
599
921
868
45
936
992
235
938
788
990
248
4
228
533
30
469
404
355
323
473
499
332
204
134
482
550
84
132
297
997
620
700
44
158
853
396
79
880
694
405
952
214
928
340
150
281
755
461
528
384
46
631
722
393
674
768
433
565
450
890
480
82
682
251
494
592
204
538
302
904
977
723
966
898
445
400
231
202
921
139
659
795
606
651
936
276
330
374
258
983
838
609
404
674
753
951
553
990
261
996
438
771
136
133
941
831
305
949
9
42
927
919
229
628
588
369
827
346
27
843
522
834
497
356
980
433
430
281
629
547
76
54
596
497
735
404
453
595
870
296
571
150
345
93
668
89
478
741
73
163
546
257
138
87
753
656
306
528
47
897
845
956
700
192
569
205
965
508
32
363
876
141
514
106
603
619
129
222
519
291
275
693
767
583
761
580
413
260
802
22
130
300
244
16
170
183
193
262
274
879
444
437
254
31
505
841
12
429
829
352
763
396
150
458
393
942
838
324
737
608
689
183
267
607
499
886
697
492
756
237
719
455
512
712
646
908
590
742
392
166
722
298
506
449
174
332
372
903
403
863
298
26
514
94
570
891
730
998
821
353
480
130
622
79
445
342
298
83
838
955
377
256
776
803
472
432
531
728
305
401
57
873
586
739
84
287
438
778
150
126
306
610
995
958
716
449
920
290
619
532
700
626
90
435
944
410
703
237
139
812
223
603
394
422
528
469
124
805
336
570
308
782
730
54
323
740
846
139
225
551
374
107
597
881
180
504
696
290
244
510
99
437
316
319
995
382
78
8
328
799
768
186
149
661
325
297
864
46
798
81
125
539
424
807
